--------------------------------d1
211195137000332
210991986501418
201278384826404
210890676401990
220197336300433
210483544701343
210991514100097
210890279800022
211092886401084
--------------------------------d2
191162010900119
201177652800187
191060584700047
220197732301073
211295480400628
200771714200440
211099136601994
210991518700504
210585222101568
210383027700370
--------------------------------d3
210992008200106
220302164900232
210686362900220
211193992600472
201278039611328
210889070900865
210788342100518
211092449800461
210991513101164
220300439400016
--------------------------------d4
210585342200450
211093377500174
220298809000569
210890280200002
210483544700827
210788318900009
201278476100032
210585341700145
180937327616001
210991518500485
210991518500485
210280946701400
--------------------------------d5
200772390502726
190958500300466
190551601600233
180937326744766
200569148731772
181038472506041
190754771300706
220298808900238
210484479000020
210787944800508
--------------------------------d6
180937327036003
210686139000510
210889102100179
190449610501294
210686733700212
210280922310102
191161632412973
200670557401024
200165050500120 
200771373301507
210179422397551
210889102600409
--------------------------------d7
201176679102119
211295944700479
210991518600331
210889467811827
191059479100472
220300261700019
210991145600203
210584951400270
210585662500355
211296725702713
210799146500370
220399766701368
210890446400018
210889886300926
220197336000154
210890669600242	
211093263300029
220399766703289
180937327617282
211195137000531


--------------------------------d8
210180096304944
210585222101568
210890270700314
211093262900482
210180465900793
210483705102395
210281367400559
180937327615606
211194400500287
191161632213974
181037740505628
210585342200146
210699027300619
--------------------------------extension fan
210383043900064
220605342501187
210687188900160
--------------------------------D8
220298808800435
210889424500756
220298979800799
201279050100106
190754950600054
180937326746197
210585661900357
210585179500642
210483360800122
200975157601816
--------------------------------D9
200975157601816
210483360800122
210585179500642
210585661900357
180937326746197
190754950600054
201279050100106
220298979800799
210889424500756
220298808800435
--------------------------------D10
210890270700664
220403699091168
220198238500547
211295488400828
201076049069313
210991514202119
210382672100763
220197731900464
210788722200610
191059498224448
--------------------------------D11
210585647602674
191059468101312
200265863600048
210382668100290
181039023903303
210787944800946
180937326744762
211194400600533
210280893701519
210890270700061
--------------------------------D12
220298837500402
220197704800229
201278384826366
210382668100663
191060376400086
220403128401233
220196962501919
--------------------------------D13
210991570800106
220196910300133
211195109800231
220197731901533
210991560300472
210483544601911
210890676300049
220197328100371
210890668500412
200366342920977
211194004200781
180527667267429
--------------------------------D14
180937320600212
210889102900195
210889102900101
210991985900467
211092886400196
200771739657918
210585300300036
210585663900127
210890618000009
210281219603102
201177567002794
--------------------------------D15
210280894002993
210382002901052
210483360800372
210992008400042
211194400600078
210889070900207
211296339500210
210179389200282
210788318801701
220198238500881
--------------------------------D16
210991518700180
210280921847232
220198050801473
211194788500509
210890662100145
220197704800372
201278313900113
--------------------------------D17
201076363500163
211194787400240
210788318800731
220196936603298
220196912600239
210280978900857
210889562801003
220302190301111
210991518100442
180937326819615
210890280200801
210686054803538
210686053105112
191263090331923
210179422154619
210889435501076
200569642100281
--------------------------------D18
201177864100007
211194763300867
201075988500395
210991313700024
201176992801942
181037793900795
210280978900788
210179388600212
210889071700738
210280895800218
--------------------------------D19
210890670100054
211092485400336
210686339500181
211296338903102
210179389101460
220298839200387
210890418800093
201176678802427
191162010900726
220298680600002
--------------------------------D20
210889562700713
210585661200245
210382000300140
211296725602140
210686151800080
210788698000837 OUT
210890270900432 OUT
210281368400227
201177736915929
220197332800114
201076352307021
220197336001356
201176860302909
220299208401894
201176992800318
--------------------------------D21
201278827901728
201176860301046
210382621800949
201075819037791
210180096300751
210484510601424
220302695202100
210686139001416
191059881026365
210991145300339
200367065400866
201278961902789
--------------------------------D22
210382667900390
211092886400064
201076341404254
210280865400155
210382668000262
210484478901686
210484515400870
201076525201540
211194787800340
191263803200811
210484714600761
210585662001346

















